10165231200008
10174240100051
10175240304156
10175240305814
10199251009413
10293260100536
30088220401865
30099220300894
30129220302834
30684220200138
31467160601790
31618251100878
31888250201190
31888250503520
31888250503543
31907250201132
31922250200916
31943241106484
31943250704641
31943250907169
32028251200771
32028251200816
32028251200931
32534251005244
32534251005245
32534251005248
32534251005249
32534251005251
32534251005256
32534251005257
32534251005258
32534251005268
32534251005272
32534251005436
32534251005438
32534251005439
32568251104190
32591251213150
41361221200016
41740240300418
41740250500955
41740251201858
41863241102430
41962241200769
42193250500161
42213251100840
42224250501046
42294260203871
IN0410221157